1861
655
771
279
1655
1405
277
583
57
2013
639
363
1327
1869
75
809
1521
747
1203
1457
631
369
1605
1961
667
17
453
721
127
1423
335
1957
745
933
445
1345
1819
243
377
1751
289
799
321
1363
155
1443
1213
223
1801
71
803
1475
1069
1397
857
1725
569
1771
769
1117
547
819
1249
711
1027
789
371
1107
853
599
39
1915
1353
999
617
1279
807
817
1449
709
763
85
1525
201
1893
1519
319
185
1471
181
1727
443
869
1059
881
489
751
131
977
27
1593
903
555
139
615
527
511
1919
11
647
1425
947
151
1063
697
1209
401
1041
35
425
61
1321
927
93
147
1501
1273
993
1379
1419
1051
251
727
275
273
1225
1451
1461
237
491
1621
1281
1307
407
1487
385
119
1531
2021
1151
945
1035
797
43
13
1289
379
843
1001
1975
399
855
2001
983
1083
915
1043
1551
413
1741
1375
2023
535
1077
125
905
1309
165
1265
1301
1823
2009
505
1803
873
575
523
673
225
607
1503
1523
1883
219
1911
533
773
911
1825
1675
1633
167
1007
1571
685
51
2011
1335
457
549
591
21
1129
1121
117
1881
931
191
1179
1851
541
47
1527
1567
659
917
31
861
113
1647
1317
1943
865
1643
663
1207
683
507
1247
1325
1821
765
1773
593
159
77
7
1607
995
63
1783
691
1349
1609
1711
309
1271
189
1191
9
959
753
1049
509
1101
1555
115
241
1391
1153
1177
15
1065
1005
705
1459
33
1411
303
1315
967
725
421
723
559
1585
311
767
1673
2025
1211
1343
1767
1367
1383
695
979
437
1287
1617
2003
1243
2033
89
1793
327
1357
863
107
1615
1583
543
633
1635
1047
743
169
325
1657
1827
1097
339
141
395
1575
619
1509
1895
1297
2045
1445
29
1227
315
19
1185
1163
1831
1147
955
1395
1137
731
291
1205
1529
1533
1907
1303
1187
1715
981
1679
1517
1917
2035
105
529
1087
1871
2039
1433
1013
1765
493
1947
891
1981
1373
1407
587
577
679
1535
899
1653
1195
1381
285
1437
1113
1275
1863
95
1015
793
427
1763
1815
1023
463
1735
257
1439
847
1569
1845
1091
1789
1973
1161
123
305
1707
1453
1167
777
951
447
973
623
741
1507
1337
1019
601
1045
129
1293
851
839
1351
893
1537
389
1421
449
1413
1625
1627
561
59
939
1311
1645
221
179
1703
177
1127
1669
1329
1467
1133
193
183
1979
1
245
1749
681
1925
2031
1787
317
1971
1181
349
1693
337
1089
1285
1009
1313
1283
1495
537
1263
1159
641
409
1067
1237
987
1003
1361
689
231
1777
1603
301
1111
1897
567
791
1731
323
805
1989
1261
885
461
217
261
1677
1095
1215
943
53
435
1149
1737
3
1339
1559
811
459
45
81
1963
1277
1877
1837
1369
1591
1939
1323
1039
83
815
1269
137
1143
1903
1985
665
333
661
391
1597
367
1849
1427
175
735
1835
387
1093
163
477
1641
1123
247
381
1403
471
1581
157
281
473
2015
501
1473
871
199
1637
635
671
737
699
213
1811
895
1017
1291
1251
1239
283
481
1493
2005
1099
1085
1995
1079
749
1055
393
579
41
1231
479
1791
1485
1941
605
1681
173
1743
1539
1945
1865
1775
957
343
1785
375
1333
2037
775
761
1935
1847
373
1929
1441
1125
205
649
397
1545
889
1103
867
195
1359
1119
1447
545
429
991
1371
1417
1817
1477
883
627
1139
1175
1909
1483
121
209
235
1463
935
879
497
1987
135
2017
707
433
1839
1689
1713
1619
1797
1319
1235
417
1155
551
101
989
423
909
953
1889
961
1663
1651
653
1623
997
1431
357
503
1761
1967
1543
657
203
1729
329
1795
1879
233
713
23
1781
1931
499
1145
729
153
675
99
487
1105
1415
887
813
1491
849
1229
415
263
1197
133
1695
1667
293
2041
821
1377
1997
609
565
1579
1951
197
187
1841
1665
1991
1217
703
1611
1479
1873
621
1563
87
925
1513
829
1867
1029
171
1387
25
411
1755
1073
307
1347
1549
1577
1699
625
249
451
1511
1905
1219
1233
1659
1969
1489
1401
103
1813
1769
1923
715
1759
1057
563
1843
495
1037
361
1135
299
253
1171
403
1589
573
1199
1807
687
1809
1429
1779
875
651
1141
1075
531
1671
919
1639
585
1723
483
1745
1855
613
1331
611
833
1505
259
341
1011
1031
1875
405
267
825
629
1115
589
1717
91
1169
1719
1599
1257
759
1687
877
539
55
143
331
1547
355
1389
455
677
1739
513
733
897
1757
1933
1753
73
719
467
783
1365
211
149
913
5
965
1189
693
1295
359
1033
795
97
831
1469
37
755
2019
1021
975
2047
1267
1341
1241
1747
907
1587
1223
67
1705
1061
1799
1465
2043
1245
1927
269
1565
1683
1709
161
1829
1499
1805
1497
1833
287
1557
345
347
265
669
937
701
111
1701
1025
595
1253
785
841
1891
1977
1901
963
1955
985
49
1885
717
239
1541
637
1131
1305
845
1721
1949
835
1685
2007
901
271
441
1631
525
351
603
1859
521
1259
2027
1201
469
1691
1661
313
439
255
465
941
921
571
1601
969
1173
757
1355
1385
1561
739
779
1649
297
801
949
923
79
557
215
1965
837
1409
645
859
207
823
1071
109
227
1953
1993
1857
145
971
295
1983
1937
65
1853
1733
1913
1515
519
1921
365
515
781
1165
1959
485
1255
1595
1393
1455
383
1899
1157
419
1109
1221
1613
597
1193
517
1629
553
475
69
1887
2029
827
1481
929
1553
229
431
1435
787
1399
581
1053
1999
1081
353
643
1299
1697
1183
1573
