1111010111000100011010110101110010011100110010111111110011011110000110000011101010010111011110001110101111101111101001100011001110010011110011100111111110100101010100100111011010111100010100111110100001111101011110110100110010000001
00011110010100100111101001100111001011110011001011100011110110010000011010011100101011111110101100101000100100111101111100101011101111001001110110110100100000111000110011010101101111101001110011000001110101111101111100110100
110101101001011010011101101000101001101100000111100101001001111010010001010001111110110111101100111110000010101000010001111001010010011111001101001110110101111000101001111101000011111010111101101001100100100101011111100110111100001100
000110001010000101011011011111000100101111000001100011001110010011111011011000001100111010000001111110100000010100111111000011111100000111011110010010111111110011110101100000100111010010100101100110110100100111010000001111110100000010100100001
11110010110111100001010010101011010010011101000000111111010000001010010000111110100110111011011010111011011100111010000001111110100000010100110010110100110011001111101101000110010000010100011111100101010011001011010100110011111011011000001100
111110000011000110001011010110100011111110001010010001101011010111001101001000001101001010110100010111110100011010010111111110110010110100110011000111000110010100111000011011111110100001101011011001010111111000111010101011011111011101001010101100000011111100011101011001111101011011010111011011011111001011111011110010100011111000001110000010100110111111100
101011011001100010111100100100010111110011110101101111001001101111000011001100100111110000010111101100111011100000101001101100011001110010011000101101000001001000111001010001011111100111111000011101111000010001001000111000110010111000001110011001011100
11110011010100100110011000110011100100110010011100001101110101011011110110101110110001110101100111110101101101011101111110001010001111110110111101100111110000010101000011010110110011100101111001100111110110110000011001100100101110000111101110111111000101111100101101100
1101111000011000001110001000110101001000100101001000001100000110101101100111101110111111110001000110110110000111110000010101000100011001000011001100100111000011011101010110111110100010000001101011011001111011101111111100110001011011110011001111011111000110100
1111011101111111100010001101101100111110111110111111000001100110111100101111011001110101100000001111110011001111010111110110101001001001100100111000011011101010110111101101011101100011101011001111101011011010111011111100010111110010111111001101101011000001100
1111011001010011011000001110000100000011111010011011001111011001000000111110101001111000101101011111110110100100001100101101001100110010011110101101001010110101110101111001111111001011110011111000011011101101111010011100110011011110000110100101100010100101110001100101110001111100001
11110111110010101110111100100110001011110010011001110101100100110101011010000111000000110110100110010010011010110100110111100001100110010011111000001011110110011101110000010100110110001100111001000111010110011111010110110101110111111000101
111100101100111001101011011010011001001011011110111100010000001110010000001011010010000011010011011110010111101100011101001010110100110110010000101111101101010001100011001011110000110000000100110110001100111001001100000101001000110011100100
010010111101000000101101101111100111111110110100010100111010011001011011101011101001101101010011100100001110000110111111101100011001110010011110111110001101100010010110101001100011100101111000101001111101010110101100110101101000000011111000101
11110100010110010110000111110101000101111000011101011110010000111110101010000001110101111101011001000011111011111000110100101011111100110111100001100011100101111011110000101011000110011100100000111100010110110000011101010100010000001111101000010100110011101111001011010011011010010000100001
111101111100011010010101111110001100101101000011010100100101111010110010110001100111001001100010111101111000011100010111101101011101111110000111110010010111101111001010110000011100100111111000011111011111000110100101011111100110111100001100
011100011000000010011001001010110001100111001001110000010011001010101101111111011011110110101110111111000101111100100111101111100011001110010011011110000111000100111010110010011010101101000011100000011010011100110001110101010110110000110110110100100000110100
1111111101101000101001110100100010111110101011101111111110110000011100000011011000100011011011001101111000011000111100110111111111010000111001010110111100010111001110010111100110010111000111001011010101010011011111011110010100100000110100
10101100001110110111110111011000110010010000000111110001011111010010010010011011110000110100101100110010101101111000101110011111000100111111101001110000000111001010110111100010111001110101100000001111110011000001110001100110011010111100010101100100111001100
1010010011010110100110111110110110100110100010001110100111111000011110101101100000111001000100100101101001100110011010101101100011000111001000100000101111100101111110011110010010110101111111010110110101111001100111111011101011001000011100101011011110001011100
1010010011101011110000011001001110011000111010111101101101000011110111100101101011011111011101001010100001110111100011000000000110111001101000010111110110100000110000001011000110001000011100000000111111010111011001011010011001100
1111101110100111101110110111110101111001000101111100111111001011110110010101111110011000011001010010000110101101100111101110111111110011001001111111101101001000001001000110010110011000011001011011011111010110100010010011011110010111101100
01110101010110110000110110100110011011110000110011001001111100000101111011001110111000001010011011000110011100100110111100001100011101011110110110100010111110100000101101111000101110011100101111001100101110001111101111111110110100100000110100
10110100110011001010110000111010110010111011011010011011001010110000111011011111011101100011001001001111001110011111111010010101010010011001010110111100010111001110100000011111101000000101001000101
111101001001001001111100000110001100010110101000100000011111011111000011101111000010101100101001001001110000000110001011010010101101101000111111100011001011000100101111010000001011011011111001111111101101000101001110100100001000111100101001001111100110100
11101101011110001010011111010000111110101111011010011001001001110010111100110001010011011111011110000111001100111001010000110111001000111100111110000010111100001111101111100101011101111001001111111011010011110111110011100101111111100101001000111000111100000001010011101001100011001001000000011111000101

