12102001220120112101001122001021120110212000212202110011111011200020122121111201012202102012102121002122011120122101100020101111210111112111111100201121201111021001102
1210211011221220101220200211200102112021211102100012002002111011120102101000102000000211101000202010112100021100112202120101112010122001021100111201012100102
12010202112100010111122100120021210211011221220101220002110021102000012212101122101110212102110112212212100102010111121011111211111110020112120111102100021110110212000212202
012012210012210111212110210011212121220210201210201110212121220201011011211120110110112201111020111101010002021120110212100010001010122100112122112100020101101121112011011011221102
11000120002122100111112100020101101121112011011011221102121022201221121011201120201011011211120110110112202112100001020111020210210000021100211221011220211210112202011102121212202
0111101121212121121011111220110210112201201121010011111000120021111200002121022011110101112002112100001020121102101122121210201112011021111200211101102012210110201101221221011021101011020122102121111112011101011212110211201000211112212101122121212210012001102
1111200212121120011220002121002111120002021200021220200112212101122121110201221212122100120021020121021212112100000102012111112212110010111102120002122000102012110210112121220010211202
1210011111000010210201210200112212121020101011121201110100201221021211111120111010011000211002110200001221210112210111021111200200211200102011102121212202001122012112201012001100021100012002
1200021220211001122012011110010011110001201102111120020000112011021001021200212212101122101000110210012202001122121210201010111201000011102111120020000112011021212112121112202000000210202
000011201102100102120020111211112121011220212000211212002010102110112110010212102012102111100020011221212102010101112120111010020122102121111112011101001100021100001102120111121212202
000012210012002110010001110212102221021211102100110211002210021011110111201111001220211210000102021210002122101111010121112201102112001121011020101121201220010212000212211110102101122012110210112120111102
0000002111010002021212112001122020101021001201011111100111011201111021000212010202120002122020011221210112212111020122121212210012002102012102012210212111111201110100110002
1100000100111112011110210011212111211000111020011101101111100012002120002112120020122122101111102001110212111121010120122021121212102110110012002102012102121212210002102012102
100112120110110111212110201101011112210001012202112012201221221121011220011102121210201112002102012102000000210212120211210112202012111212121111211111112101021201020211010110002
1210220102101021221100220112121201221211122110211002221101010121111100111020000002102021110110212000212202012111212000212210102102012102121021122102121212212010100011102121020211110201220021121001201111001221102
0000002102021110110210210111101201111001121201021010210201210212121121200021221212112120111010011110211000101010002111121212200112201111020000002102021110110212000212202
0121102110110000112210102102012102002000100110110201112011212011101001100021100012111211021020121021200021221212020101021001201011111100111011201220010201221011021212102120111100012002
01101011112210001012200021210000112011120021100111011200210010212002120002122021211122112011120110200110111212121120200211200102112020121112101101122112010002111100012002
1111212012211201012002102100021101011000212102211000212000212211110102001101112121211202011000101112012212121102001101112121211202010102110112110010211001122020011111210111100112200102
111100120102021200000102021200001012212201111020101021212122001000102112100001021201011120120122001000100021100001102110001011110111201021201211122020111121110011102001101112121211202
1111000101211110100112200102012212111021201102010002112101112010120122101110212000210211010120002120110212111121000120110111201201221102121211010111110100211210000102
01101221220101201120101211122000212100200211212002111011021212102101122110211112002000011201102001122011120111100000102102101021212102101112121111112000010212000211212002
012210110212121021201220212000212202001122121011221211102012212121221001200210201210212000212202012212111021200002121020210111212121120200211200102112021211112011120111100012002
112100001021111212012210210112011210012002111121201221120101200210210002121002122011120122101100020011011121212112020101101121112011011011220002
12102211000201111011212121211210100011102000000212212000212210102111100020021101121211210011112011112201102102101021001121201101101112121102011010111122100010122110212102110112212212100102
01011112101111121111111002011212011110210002002112001021011221120100021220010200211101200020212111221210112212111102000000211101000202011120111121112110200211201102111100012112111101122100010122021021000211010110002

