120L026601
李云龙
80    90    60    70    88    95
120L026602
李雷雷
91    85    99    73    78    90
120L026603
韩梅梅
93    80    100  75    86    92
120L026604
李津津
89    77    95    64    79    85
120L026605
李华华
75    99    94    98    99    90
120L026606
王强
51    63    73    59    58    70
120L026607
陈建军
88    70    83    55    57    86
120L026608
李志华
40    33    54    22    34    61
120L026609
李萍萍
85    92    97    80    73    93
120L026610
项籍
29    43    11    75    85    88
120L026611
韩信
84    99    70    86    88    93
120L026612
张良
99    95    98    86    88    96
120L026613
萧何
100  93    88    77    62    87
120L026614
刘云德
100  100  100  100  100  100
120L026615
刘玄德
89    70    92    62    63    87
120L026616
关云长
95    65    77    59    61    82
120L026617
张翼德
52    56    43    55    57    41
120L026618
赵子龙
85    88    87    97    98    99
120L026619
黄忠
76    98    82    96    86    88
120L026620
马超
100  92    99    87    83    91